inf
inf
inf
-6.931471805599452862e-01
-3.091042453358316067e+00
-4.948759890378168436e+00
-6.329720905522695951e+00
-7.379632152609552520e+00
-8.147288258706623765e+00
-8.749098248399020505e+00
-9.211140052146747692e+00
-9.573524087827740559e+00
-9.856972298794659082e+00
-1.009025753373597922e+01
-1.028503558058414491e+01
-1.044665451147278112e+01
-1.058463805991188877e+01
-1.070070191275534555e+01
-1.080053430104352152e+01
-1.088562220314554274e+01
-1.095830468120456658e+01
-1.102252319084511534e+01
-1.108009429879887442e+01
-1.113065428601160711e+01
-1.117521245891288295e+01
-1.121497754522853718e+01
-1.124998803627550004e+01
-1.128135904064493467e+01
-1.130979285258715628e+01
-1.133332021567050241e+01
-1.135489058472722235e+01
-1.137473179221716180e+01
-1.139251899110713140e+01
-1.140819808217481857e+01
-1.142118291360469762e+01
-1.143305940835964130e+01
-1.144356466866438460e+01
-1.145281446122944402e+01
-1.146123209056133874e+01
-1.146783395234841763e+01
-1.147376874976903416e+01
-1.147939970474505955e+01
-1.148424817408336018e+01
-1.148846882453623763e+01
-1.149217158537700989e+01
-1.149535195135306509e+01
-1.149795394904008283e+01
-1.150021502852770894e+01
-1.150196562473388617e+01
-1.150385444740779128e+01
