nan
nan
nan
3.092022851766362823e-01
2.395477747736141083e-01
1.780712887949587042e-01
1.353832923875053496e-01
9.898723473356518809e-02
7.760181446032632380e-02
5.957907469378298515e-02
4.672846775886085879e-02
3.654990088783449664e-02
3.008151713716600284e-02
2.511611656725420971e-02
2.084033582510969040e-02
1.779261545662436106e-02
1.496612839297029041e-02
1.287312375295002198e-02
1.097186106052916443e-02
9.372214276037738045e-03
8.280807822078628533e-03
7.423642867721014227e-03
6.519577298487178041e-03
5.745659137268432914e-03
5.127603235433042528e-03
4.514510687627648622e-03
4.045208458158811027e-03
3.666465224121395750e-03
3.033791555484555147e-03
2.781442325741068089e-03
2.558471492122293967e-03
2.293612488450946785e-03
2.021777532412727396e-03
1.674359842276373911e-03
1.531442744724387239e-03
1.354625670870746035e-03
1.192736409709738155e-03
1.085431150684712520e-03
8.512927041159912278e-04
7.652765095045310773e-04
7.260968258648858864e-04
6.251973620408080023e-04
5.442417689316414453e-04
4.774612663105415322e-04
4.100998232203778571e-04
3.355207543798144343e-04
2.915602497211011723e-04
2.257347739487158833e-04
2.435587132154637402e-04
